# Camera list with one line of data per camera:
#   CAMERA_ID, MODEL, WIDTH, HEIGHT, PARAMS[]
# Number of cameras: 395
1 SIMPLE_RADIAL 960 960 479.57929478454162 480 480 0.00041464268471214197
2 SIMPLE_RADIAL 960 960 479.60677535337499 480 480 0.0003696976900391976
393 SIMPLE_RADIAL 960 960 479.11935653923445 480 480 -0.0010830467088783261
3 SIMPLE_RADIAL 960 960 479.72414359473072 480 480 0.00011827861749425492
4 SIMPLE_RADIAL 960 960 479.71940834471593 480 480 8.3797851486418291e-05
387 SIMPLE_RADIAL 960 960 479.4309530104411 480 480 -0.0022576946131141551
5 SIMPLE_RADIAL 960 960 479.13223303750743 480 480 -0.00092000197134066441
6 SIMPLE_RADIAL 960 960 480.12017041151228 480 480 -0.0023395929613418843
397 SIMPLE_RADIAL 960 960 480.46894872643793 480 480 -0.0034978731872457379
7 SIMPLE_RADIAL 960 960 479.97127666816471 480 480 -0.0015310049872547125
8 SIMPLE_RADIAL 960 960 479.91015139391538 480 480 -0.0010892754069178089
407 SIMPLE_RADIAL 960 960 481.43688593199533 480 480 -0.00070376223785768779
9 SIMPLE_RADIAL 960 960 480.37548982608064 480 480 -0.0015092210513797065
10 SIMPLE_RADIAL 960 960 480.55666325847551 480 480 -0.0015761415117712023
401 SIMPLE_RADIAL 960 960 478.82569889355148 480 480 -0.002738468411272559
11 SIMPLE_RADIAL 960 960 481.20706289244794 480 480 -0.0013140849625720376
12 SIMPLE_RADIAL 960 960 480.57419551294669 480 480 -0.0028876528762276916
395 SIMPLE_RADIAL 960 960 480.74313126216759 480 480 -0.0018791048874985655
13 SIMPLE_RADIAL 960 960 480.36128494604094 480 480 -0.0038856456179472529
14 SIMPLE_RADIAL 960 960 479.19559226774663 480 480 -0.0049913158109411732
405 SIMPLE_RADIAL 960 960 480.0429289580498 480 480 -0.0023325005020383427
15 SIMPLE_RADIAL 960 960 480.43651986073939 480 480 -0.0023116072863889666
16 SIMPLE_RADIAL 960 960 480.33139357266634 480 480 -0.0032990276999468457
415 SIMPLE_RADIAL 960 960 479.46660272638218 480 480 0.00045597083015201266
17 SIMPLE_RADIAL 960 960 481.17113694864958 480 480 -0.0026850104200218266
18 SIMPLE_RADIAL 960 960 481.67891416963505 480 480 -0.0014637878749841149
409 SIMPLE_RADIAL 960 960 480.25543567631212 480 480 0.0010596365607566194
19 SIMPLE_RADIAL 960 960 481.63405619249056 480 480 -0.00080933211028555289
20 SIMPLE_RADIAL 960 960 480.60814839420402 480 480 -0.0028811528197253229
403 SIMPLE_RADIAL 960 960 479.19415206569994 480 480 -0.00047764405924948086
21 SIMPLE_RADIAL 960 960 479.8498410762524 480 480 -0.0020497209446994997
22 SIMPLE_RADIAL 960 960 479.90438364869806 480 480 -0.0015798773289468864
413 SIMPLE_RADIAL 960 960 479.88029156290463 480 480 5.219318769086437e-05
23 SIMPLE_RADIAL 960 960 478.87194349309112 480 480 -0.0013593729869885972
24 SIMPLE_RADIAL 960 960 479.38328085516264 480 480 -0.0021062080663862203
25 SIMPLE_RADIAL 960 960 478.24655618531796 480 480 -0.0025386286016185282
26 SIMPLE_RADIAL 960 960 480.09017739742433 480 480 -0.0023361115718781131
27 SIMPLE_RADIAL 960 960 479.44449773424162 480 480 -0.0011282674944628952
28 SIMPLE_RADIAL 960 960 480.33652153244577 480 480 -0.0016110984287791934
411 SIMPLE_RADIAL 960 960 479.5095637533239 480 480 0.0006472281890150044
29 SIMPLE_RADIAL 960 960 479.82751710888215 480 480 -0.00097360325040485849
30 SIMPLE_RADIAL 960 960 479.98424310581373 480 480 -0.0008953842333648326
31 SIMPLE_RADIAL 960 960 479.82803449880521 480 480 -0.0012306665438369055
32 SIMPLE_RADIAL 960 960 479.62128666488184 480 480 -0.0016977480127712032
33 SIMPLE_RADIAL 960 960 479.19046330625912 480 480 -0.0025070291283904329
34 SIMPLE_RADIAL 960 960 480.65382851930349 480 480 -0.001614474686265183
35 SIMPLE_RADIAL 960 960 479.08442815158514 480 480 -0.0024890263772416
36 SIMPLE_RADIAL 960 960 480.72692700966132 480 480 -0.0011389536895396735
37 SIMPLE_RADIAL 960 960 480.0592484184707 480 480 -0.0016077370834485982
38 SIMPLE_RADIAL 960 960 479.25971326337873 480 480 -0.0025846877018859634
39 SIMPLE_RADIAL 960 960 480.85128713262253 480 480 -0.00023227717969944079
40 SIMPLE_RADIAL 960 960 480.59925584808025 480 480 0.00031458536118206547
41 SIMPLE_RADIAL 960 960 477.04384791185856 480 480 -0.0042502265780977357
42 SIMPLE_RADIAL 960 960 479.75219574088959 480 480 -0.0016543317195088891
43 SIMPLE_RADIAL 960 960 480.14042741019659 480 480 -0.00061231885567123942
44 SIMPLE_RADIAL 960 960 478.55987998593872 480 480 -0.0033575463954579514
45 SIMPLE_RADIAL 960 960 480.14525198656781 480 480 -0.0032758313485307354
46 SIMPLE_RADIAL 960 960 480.13798047595628 480 480 -0.0035318247341550525
47 SIMPLE_RADIAL 960 960 479.66777439876449 480 480 -0.0014134241681690346
48 SIMPLE_RADIAL 960 960 480.96405395408226 480 480 -0.0015969116356669263
49 SIMPLE_RADIAL 960 960 479.9005616825861 480 480 -0.0010712988478147234
50 SIMPLE_RADIAL 960 960 480.18058660038525 480 480 5.7664206386779466e-06
51 SIMPLE_RADIAL 960 960 479.66018773660289 480 480 -0.00088422036793281932
52 SIMPLE_RADIAL 960 960 479.82017782870884 480 480 7.3662037752782834e-05
53 SIMPLE_RADIAL 960 960 480.18984944820414 480 480 -0.00087799008459332121
54 SIMPLE_RADIAL 960 960 479.92407658204644 480 480 -0.00085578852761220524
55 SIMPLE_RADIAL 960 960 479.331694793525 480 480 -0.000311905636725676
56 SIMPLE_RADIAL 960 960 479.10497466744403 480 480 -0.00055844429392023836
391 SIMPLE_RADIAL 960 960 479.39831513014673 480 480 -0.0026372331302274179
57 SIMPLE_RADIAL 960 960 479.63664914585667 480 480 0.00055957006480056618
58 SIMPLE_RADIAL 960 960 478.53963152319471 480 480 -0.00074840505173005833
385 SIMPLE_RADIAL 960 960 480.15599586986542 480 480 -0.0016910651235741321
59 SIMPLE_RADIAL 960 960 478.51477264890957 480 480 0.0015111332211053339
60 SIMPLE_RADIAL 960 960 478.32726528928441 480 480 0.0009682040901192871
61 SIMPLE_RADIAL 960 960 479.051611345141 480 480 0.00069901496014908835
62 SIMPLE_RADIAL 960 960 478.65236574395237 480 480 -0.00040526057564568792
389 SIMPLE_RADIAL 960 960 479.70107896463361 480 480 -0.0033106898041970327
63 SIMPLE_RADIAL 960 960 479.34928707086965 480 480 0.00028444330369374263
64 SIMPLE_RADIAL 960 960 478.82831162600235 480 480 -0.00073342406524278285
65 SIMPLE_RADIAL 960 960 478.97695383371905 480 480 -0.00085909118706884563
66 SIMPLE_RADIAL 960 960 479.56817824220286 480 480 0.00048573090645686977
67 SIMPLE_RADIAL 960 960 480.26038133905831 480 480 -0.0013763510686890898
68 SIMPLE_RADIAL 960 960 479.15681136065132 480 480 -0.0016122845115297329
69 SIMPLE_RADIAL 960 960 478.94430515346858 480 480 -0.0021224119589075157
70 SIMPLE_RADIAL 960 960 480.21322284899782 480 480 -6.4424734478585053e-05
71 SIMPLE_RADIAL 960 960 479.59451371175118 480 480 -0.0015225819965694423
72 SIMPLE_RADIAL 960 960 478.74350011872434 480 480 -0.0021377882083493259
73 SIMPLE_RADIAL 960 960 478.7314443251193 480 480 -0.0013851027236906339
74 SIMPLE_RADIAL 960 960 478.27219255053035 480 480 -0.0022142636058235976
75 SIMPLE_RADIAL 960 960 478.95257144966376 480 480 -0.0011575758331376811
76 SIMPLE_RADIAL 960 960 479.15055932910059 480 480 -0.0014679490594561263
77 SIMPLE_RADIAL 960 960 478.80130171937452 480 480 -0.0022084079230556227
78 SIMPLE_RADIAL 960 960 479.57931516420274 480 480 -0.00195431526103378
79 SIMPLE_RADIAL 960 960 479.13869593627601 480 480 -0.0025477630943875865
80 SIMPLE_RADIAL 960 960 480.21659792004584 480 480 -0.002191480506922458
81 SIMPLE_RADIAL 960 960 478.97187812846812 480 480 -0.0032410760323598087
82 SIMPLE_RADIAL 960 960 479.36284826788545 480 480 -0.0012990969372235993
83 SIMPLE_RADIAL 960 960 480.15151636225403 480 480 -0.001324890551700606
84 SIMPLE_RADIAL 960 960 480.00021273442667 480 480 -0.0020472409074457566
85 SIMPLE_RADIAL 960 960 479.98065712376945 480 480 -0.0015326504284011899
86 SIMPLE_RADIAL 960 960 480.27389925435932 480 480 -0.0016766415749575809
87 SIMPLE_RADIAL 960 960 479.77725706087284 480 480 -0.00091727415652072047
88 SIMPLE_RADIAL 960 960 480.28568933197562 480 480 -0.00012765390791082208
89 SIMPLE_RADIAL 960 960 479.55481195570718 480 480 -0.0018861463100843024
90 SIMPLE_RADIAL 960 960 480.12627119535671 480 480 -0.0022767369546999421
91 SIMPLE_RADIAL 960 960 479.90651214231497 480 480 -0.0024308970497724887
92 SIMPLE_RADIAL 960 960 479.98440680111821 480 480 -0.0016206322195249625
93 SIMPLE_RADIAL 960 960 480.42388534040816 480 480 -0.0010731310185693572
94 SIMPLE_RADIAL 960 960 478.75143893841312 480 480 -0.0023867426982081903
95 SIMPLE_RADIAL 960 960 479.13412610533851 480 480 -0.0014535822012482782
96 SIMPLE_RADIAL 960 960 480.05553764436928 480 480 -0.0016201541466498606
97 SIMPLE_RADIAL 960 960 479.99744650751074 480 480 -0.0022775509137505016
98 SIMPLE_RADIAL 960 960 479.38538255984719 480 480 -0.0020688681177015934
99 SIMPLE_RADIAL 960 960 479.33766511106251 480 480 -0.0018165181907871864
100 SIMPLE_RADIAL 960 960 481.0091675348707 480 480 -0.0010002253350913802
101 SIMPLE_RADIAL 960 960 479.33530936257375 480 480 -0.003323137262943982
102 SIMPLE_RADIAL 960 960 480.64232278434361 480 480 -0.0014817524402913813
104 SIMPLE_RADIAL 960 960 481.24394878227605 480 480 -0.00085444448313861212
105 SIMPLE_RADIAL 960 960 478.2837211668533 480 480 -0.0023609357388376375
106 SIMPLE_RADIAL 960 960 482.44888813911217 480 480 0.00089809803316623902
108 SIMPLE_RADIAL 960 960 477.99378476118949 480 480 0.00023229424187179638
109 SIMPLE_RADIAL 960 960 474.84027642687062 480 480 -0.00092912257920568558
110 SIMPLE_RADIAL 960 960 483.80112729724709 480 480 0.0036167253748629448
112 SIMPLE_RADIAL 960 960 476.03207687211528 480 480 -0.0043517163963497345
113 SIMPLE_RADIAL 960 960 475.99905125631352 480 480 -0.001472846859964903
114 SIMPLE_RADIAL 960 960 484.67790389275598 480 480 0.007775983041711604
116 SIMPLE_RADIAL 960 960 474.05442147342796 480 480 -0.005661643229641921
117 SIMPLE_RADIAL 960 960 476.17497215449151 480 480 0.00029014359314131772
118 SIMPLE_RADIAL 960 960 581.90832750956042 480 480 0.17234930768615345
120 SIMPLE_RADIAL 960 960 475.07044637934752 480 480 -0.0068167120999807268
121 SIMPLE_RADIAL 960 960 472.54922716899813 480 480 0.0020799298058730015
122 SIMPLE_RADIAL 960 960 487.83741164676178 480 480 0.010749394594455253
124 SIMPLE_RADIAL 960 960 473.25736105025334 480 480 -0.010570624008697559
125 SIMPLE_RADIAL 960 960 472.50260887710402 480 480 0.0059087851156367404
126 SIMPLE_RADIAL 960 960 489.71467471017831 480 480 0.011004834264834475
128 SIMPLE_RADIAL 960 960 455.6545875111716 480 480 -0.0055464951454827268
129 SIMPLE_RADIAL 960 960 478.60006347244831 480 480 0.0025774411368857902
314 SIMPLE_RADIAL 960 960 479.71611591390439 480 480 -0.002581745004091585
130 SIMPLE_RADIAL 960 960 358.9017138347354 480 480 -0.041135751294919372
260 SIMPLE_RADIAL 960 960 479.63086356096954 480 480 -0.0031161955687583785
132 SIMPLE_RADIAL 960 960 473.16241284948256 480 480 -0.0019109244481556615
133 SIMPLE_RADIAL 960 960 477.51867951857889 480 480 -0.00393752176375125
318 SIMPLE_RADIAL 960 960 479.2850744658366 480 480 -0.0029062872692351576
312 SIMPLE_RADIAL 960 960 479.13354177686381 480 480 -0.0031484210398939724
136 SIMPLE_RADIAL 960 960 470.70299435344913 480 480 -0.0182110456003645
137 SIMPLE_RADIAL 960 960 475.72588823126335 480 480 -0.0029473809043802043
258 SIMPLE_RADIAL 960 960 479.43956323701252 480 480 -0.0024121516954269894
138 SIMPLE_RADIAL 960 960 487.21493602259659 480 480 0.0098852977116327193
268 SIMPLE_RADIAL 960 960 480.57781923383266 480 480 -0.001431001273399199
140 SIMPLE_RADIAL 960 960 475.12254872418146 480 480 -0.0084404179069433646
141 SIMPLE_RADIAL 960 960 472.75126023687181 480 480 -0.0021977339013485738
262 SIMPLE_RADIAL 960 960 479.73874653475383 480 480 -0.0028431799624379457
142 SIMPLE_RADIAL 960 960 487.55771824019735 480 480 0.0060448240554068968
256 SIMPLE_RADIAL 960 960 479.44119201945648 480 480 -0.0013794892411628688
144 SIMPLE_RADIAL 960 960 473.28881929582309 480 480 -4.1425131934859268e-05
145 SIMPLE_RADIAL 960 960 478.80453260816432 480 480 0.00027498460963176389
266 SIMPLE_RADIAL 960 960 479.95937653009645 480 480 -0.00027531488722404513
146 SIMPLE_RADIAL 960 960 490.40045289461989 480 480 0.0084249428233795064
276 SIMPLE_RADIAL 960 960 480.17045049523745 480 480 -0.0024421517200920772
148 SIMPLE_RADIAL 960 960 471.3569165565475 480 480 -0.00021937621063040783
149 SIMPLE_RADIAL 960 960 479.78165485682945 480 480 -0.00041947229899414059
270 SIMPLE_RADIAL 960 960 480.28694908194956 480 480 -0.0024977094688454185
150 SIMPLE_RADIAL 960 960 489.57449049085977 480 480 0.004729295937292992
264 SIMPLE_RADIAL 960 960 480.22438598529055 480 480 -0.0020642843087868333
152 SIMPLE_RADIAL 960 960 470.82145157669038 480 480 0.0031964208883795064
153 SIMPLE_RADIAL 960 960 481.97579924834855 480 480 0.020023309578658052
274 SIMPLE_RADIAL 960 960 480.59877363038879 480 480 -0.0022859521377695006
154 SIMPLE_RADIAL 960 960 487.69982655827084 480 480 0.0085795487497442192
284 SIMPLE_RADIAL 960 960 479.61435722180534 480 480 -0.0014356958047033914
156 SIMPLE_RADIAL 960 960 474.33370083304243 480 480 -0.0074351618534735939
157 SIMPLE_RADIAL 960 960 473.63515632927641 480 480 -0.0020200573976767227
278 SIMPLE_RADIAL 960 960 479.65887276406397 480 480 -0.0015855490911458887
158 SIMPLE_RADIAL 960 960 487.09494338606964 480 480 0.0065582493018496802
272 SIMPLE_RADIAL 960 960 479.35489835812928 480 480 -0.0020467904946029499
160 SIMPLE_RADIAL 960 960 479.51158399318865 480 480 -0.001328249505710692
161 SIMPLE_RADIAL 960 960 474.48786178535408 480 480 -0.00019559273684943411
162 SIMPLE_RADIAL 960 960 485.15507719925364 480 480 0.0056251986787051057
292 SIMPLE_RADIAL 960 960 479.40226094927596 480 480 -0.0024436967015907959
164 SIMPLE_RADIAL 960 960 480.98942529842105 480 480 -0.0036855159660327012
165 SIMPLE_RADIAL 960 960 480.89341941490221 480 480 0.0054652859000153022
166 SIMPLE_RADIAL 960 960 485.14342568998762 480 480 0.0012903057919112116
168 SIMPLE_RADIAL 960 960 479.87022360059507 480 480 -0.0025393764824640612
169 SIMPLE_RADIAL 960 960 479.72600600079994 480 480 0.001966993063250357
290 SIMPLE_RADIAL 960 960 480.15578418041093 480 480 -0.0013946254625477269
170 SIMPLE_RADIAL 960 960 484.97617939817104 480 480 -0.0028316326357190088
300 SIMPLE_RADIAL 960 960 480.15801571046558 480 480 -0.0027710764441276322
172 SIMPLE_RADIAL 960 960 479.35020688869639 480 480 -0.00083305325469252743
173 SIMPLE_RADIAL 960 960 479.2456974754229 480 480 -0.0031364578278092231
294 SIMPLE_RADIAL 960 960 479.60783027733942 480 480 -0.0034099421449205226
174 SIMPLE_RADIAL 960 960 480.69011117862357 480 480 -9.5157011938114313e-05
288 SIMPLE_RADIAL 960 960 479.45301313756988 480 480 -0.0026369121599497548
176 SIMPLE_RADIAL 960 960 478.21561580862021 480 480 -0.0022055710387685569
177 SIMPLE_RADIAL 960 960 483.18441656899921 480 480 -0.0031355751554983965
298 SIMPLE_RADIAL 960 960 479.25511179098152 480 480 -0.0026118131052760064
178 SIMPLE_RADIAL 960 960 478.47838638021534 480 480 -0.0014742728435792366
308 SIMPLE_RADIAL 960 960 478.69759360276799 480 480 -0.0030965752893279113
180 SIMPLE_RADIAL 960 960 480.37348137289126 480 480 -0.00027180846940139011
181 SIMPLE_RADIAL 960 960 483.91215542011957 480 480 0.0016380978505280421
302 SIMPLE_RADIAL 960 960 479.86780436606603 480 480 -0.0078499349157819236
182 SIMPLE_RADIAL 960 960 476.85392283493513 480 480 0.0017663465842634512
296 SIMPLE_RADIAL 960 960 478.97182144282846 480 480 -0.0024665789122784599
184 SIMPLE_RADIAL 960 960 479.36331266837749 480 480 -0.0016786436880162616
185 SIMPLE_RADIAL 960 960 479.39631788349988 480 480 -0.002639072147296871
306 SIMPLE_RADIAL 960 960 479.34577552079588 480 480 -0.0016297369644620409
186 SIMPLE_RADIAL 960 960 478.92564593314245 480 480 -0.0031528382673035294
187 SIMPLE_RADIAL 960 960 479.13219341603838 480 480 -0.0028443770842098638
316 SIMPLE_RADIAL 960 960 478.95701102768032 480 480 -0.0034908832810832268
188 SIMPLE_RADIAL 960 960 479.67630471608061 480 480 -0.0024781626713314465
189 SIMPLE_RADIAL 960 960 479.69206167302667 480 480 -0.0020208378193109278
310 SIMPLE_RADIAL 960 960 479.30511994456725 480 480 -0.0022580382978666649
190 SIMPLE_RADIAL 960 960 479.70247997669924 480 480 -0.0029594785150350955
191 SIMPLE_RADIAL 960 960 479.96346481100164 480 480 -0.002768376788589615
304 SIMPLE_RADIAL 960 960 478.61243134853305 480 480 -0.0031974305591694527
192 SIMPLE_RADIAL 960 960 478.10892813573258 480 480 -0.0036124234131596207
193 SIMPLE_RADIAL 960 960 479.70359793719058 480 480 -0.0024992312754200854
378 SIMPLE_RADIAL 960 960 478.43993270159854 480 480 -0.0021470562930187569
194 SIMPLE_RADIAL 960 960 480.8098264718717 480 480 -0.0012119491353095166
195 SIMPLE_RADIAL 960 960 480.4096295971479 480 480 -0.0014518005657476931
324 SIMPLE_RADIAL 960 960 480.0562366299153 480 480 -0.0033539536483221432
196 SIMPLE_RADIAL 960 960 479.56349047509275 480 480 -0.0017119803258474349
197 SIMPLE_RADIAL 960 960 480.04827798546376 480 480 -0.00097408204408678471
382 SIMPLE_RADIAL 960 960 479.86749098377578 480 480 -0.00092294729874026074
198 SIMPLE_RADIAL 960 960 480.0481384193393 480 480 -0.0012462050603158216
199 SIMPLE_RADIAL 960 960 480.22390875559825 480 480 -0.0020537864223743288
376 SIMPLE_RADIAL 960 960 479.10982514267937 480 480 -0.0037850177699338648
200 SIMPLE_RADIAL 960 960 481.0123752504893 480 480 -0.00097030377754182785
201 SIMPLE_RADIAL 960 960 480.74890279870709 480 480 -0.0011961441753066129
322 SIMPLE_RADIAL 960 960 479.4002343090616 480 480 -0.0035569582721030847
202 SIMPLE_RADIAL 960 960 479.43340015153387 480 480 -0.002575401989385872
203 SIMPLE_RADIAL 960 960 480.00554516738561 480 480 -0.00079545942000052263
332 SIMPLE_RADIAL 960 960 478.26870090026864 480 480 -0.0033794271626808093
204 SIMPLE_RADIAL 960 960 478.53442585115226 480 480 -0.0023223129943737942
205 SIMPLE_RADIAL 960 960 479.27159117369513 480 480 -0.002506819842776863
326 SIMPLE_RADIAL 960 960 478.7809645798834 480 480 -0.0025926155640593369
206 SIMPLE_RADIAL 960 960 480.10661927218496 480 480 -0.0022393323106905628
207 SIMPLE_RADIAL 960 960 479.58231379004889 480 480 -0.0020505474789702799
320 SIMPLE_RADIAL 960 960 479.45028733831481 480 480 -0.0032805426332673882
208 SIMPLE_RADIAL 960 960 479.62041317399542 480 480 -0.0014657894921348428
209 SIMPLE_RADIAL 960 960 480.24953133287465 480 480 -0.0009476313364302993
330 SIMPLE_RADIAL 960 960 480.07352680080248 480 480 -0.0026566028513953935
210 SIMPLE_RADIAL 960 960 479.53788066194932 480 480 -0.0028924913145161272
211 SIMPLE_RADIAL 960 960 480.0693894855039 480 480 -0.00072675870676812263
340 SIMPLE_RADIAL 960 960 479.17753382897877 480 480 -0.0040460683427291488
212 SIMPLE_RADIAL 960 960 479.79989811335912 480 480 -0.0013038113700363399
213 SIMPLE_RADIAL 960 960 480.21781143259142 480 480 -0.00090512039053569258
334 SIMPLE_RADIAL 960 960 479.7384966027488 480 480 -0.0030213602699920095
214 SIMPLE_RADIAL 960 960 479.4831776063811 480 480 -0.0017996275727453367
215 SIMPLE_RADIAL 960 960 479.73723577531001 480 480 -0.0017816984282132129
328 SIMPLE_RADIAL 960 960 478.31758200797452 480 480 -0.0038642644148599707
216 SIMPLE_RADIAL 960 960 479.77370595362271 480 480 -0.0018916527733620725
217 SIMPLE_RADIAL 960 960 479.06759396796338 480 480 -0.0030806669278850289
338 SIMPLE_RADIAL 960 960 479.65975386518716 480 480 -0.0022884284912513381
218 SIMPLE_RADIAL 960 960 479.27644346409056 480 480 -0.0023221289030115133
219 SIMPLE_RADIAL 960 960 478.94266707530352 480 480 -0.0016366819124293054
348 SIMPLE_RADIAL 960 960 479.17657191508607 480 480 -0.0028895333023738574
220 SIMPLE_RADIAL 960 960 479.34655971488138 480 480 -0.00064848355813751618
221 SIMPLE_RADIAL 960 960 479.12105602703986 480 480 -0.00097606287789744526
342 SIMPLE_RADIAL 960 960 478.50715213758946 480 480 -0.0022797162893000694
222 SIMPLE_RADIAL 960 960 478.7622726411409 480 480 -0.0019044951626374274
223 SIMPLE_RADIAL 960 960 479.47407842903431 480 480 -0.001545095253051038
336 SIMPLE_RADIAL 960 960 479.19007763546068 480 480 -0.0027422012147975171
224 SIMPLE_RADIAL 960 960 479.71337651497436 480 480 -0.0020625369261548752
225 SIMPLE_RADIAL 960 960 478.78119388435539 480 480 -0.0023201649715467831
282 SIMPLE_RADIAL 960 960 480.20154071009745 480 480 -0.0031138207708101941
226 SIMPLE_RADIAL 960 960 480.38416492975909 480 480 -0.0032838025315774016
227 SIMPLE_RADIAL 960 960 480.17127137695917 480 480 -0.0060008320614117691
356 SIMPLE_RADIAL 960 960 477.46844240289244 480 480 -0.0042536787954719933
228 SIMPLE_RADIAL 960 960 479.48290084906438 480 480 -0.003838638531491355
229 SIMPLE_RADIAL 960 960 478.99642587975961 480 480 -0.0011111062858521715
286 SIMPLE_RADIAL 960 960 479.53512739850828 480 480 -0.0027892705783558805
230 SIMPLE_RADIAL 960 960 477.7166985581124 480 480 -0.000843669884158617
231 SIMPLE_RADIAL 960 960 478.58012176568383 480 480 -0.0008834867682793484
280 SIMPLE_RADIAL 960 960 478.77061728615604 480 480 -0.0035328689766379712
232 SIMPLE_RADIAL 960 960 478.40302548139158 480 480 -8.9463245317678234e-05
233 SIMPLE_RADIAL 960 960 477.89102980569834 480 480 -4.072095983140008e-05
354 SIMPLE_RADIAL 960 960 478.98183981321455 480 480 -0.0018006196253484744
234 SIMPLE_RADIAL 960 960 478.46579039393947 480 480 -0.00092638229122828596
235 SIMPLE_RADIAL 960 960 478.97067037527682 480 480 -0.0012642869439228456
364 SIMPLE_RADIAL 960 960 478.4286485875877 480 480 -0.0018365389473812708
236 SIMPLE_RADIAL 960 960 479.6151519433198 480 480 -0.0027333621208263281
237 SIMPLE_RADIAL 960 960 479.75563979746073 480 480 -0.0012631866937100617
358 SIMPLE_RADIAL 960 960 480.33410762975308 480 480 -0.0015108922177078019
238 SIMPLE_RADIAL 960 960 478.38878168058471 480 480 -0.0020726941347243306
239 SIMPLE_RADIAL 960 960 479.07619520298027 480 480 -0.0013199672104740965
352 SIMPLE_RADIAL 960 960 479.8714733799427 480 480 -0.00071385829918195519
240 SIMPLE_RADIAL 960 960 479.776812373273 480 480 -0.0021842979617769601
241 SIMPLE_RADIAL 960 960 479.66348172285331 480 480 -0.0032262189796452498
362 SIMPLE_RADIAL 960 960 479.55405205660168 480 480 -0.0016938211136632727
242 SIMPLE_RADIAL 960 960 478.44404702032631 480 480 -0.0038350282659729402
243 SIMPLE_RADIAL 960 960 480.20784157344116 480 480 -0.0018208590445126056
372 SIMPLE_RADIAL 960 960 479.861211653618 480 480 -0.0029286457138464925
244 SIMPLE_RADIAL 960 960 479.27251204409674 480 480 -0.0031101079688676207
245 SIMPLE_RADIAL 960 960 479.55397907896707 480 480 -0.0016514722328566838
366 SIMPLE_RADIAL 960 960 480.04488473464846 480 480 -0.00417405784741338
246 SIMPLE_RADIAL 960 960 479.51793435508216 480 480 -0.0028464608250080722
247 SIMPLE_RADIAL 960 960 479.87568113561809 480 480 -0.0021982128388913233
360 SIMPLE_RADIAL 960 960 479.88695403548923 480 480 -0.0024885087674302478
248 SIMPLE_RADIAL 960 960 480.23109310054076 480 480 -0.0018098753750878831
249 SIMPLE_RADIAL 960 960 479.95642884890395 480 480 -0.0020021851294439006
370 SIMPLE_RADIAL 960 960 479.99879764425987 480 480 -0.0025287267919487212
250 SIMPLE_RADIAL 960 960 479.70587928907202 480 480 -0.0023097897709217171
251 SIMPLE_RADIAL 960 960 479.42637283083781 480 480 -0.0033566893025984948
380 SIMPLE_RADIAL 960 960 480.30807276773271 480 480 -0.0030687846369087004
252 SIMPLE_RADIAL 960 960 479.54543338042106 480 480 -0.0028413869915853633
253 SIMPLE_RADIAL 960 960 479.9467931568667 480 480 -0.0020180921878846687
374 SIMPLE_RADIAL 960 960 479.26598678632678 480 480 -0.0025306570836249962
254 SIMPLE_RADIAL 960 960 479.79955179135231 480 480 -0.0017202837424230911
255 SIMPLE_RADIAL 960 960 480.26045292434225 480 480 -0.0014096695299186824
368 SIMPLE_RADIAL 960 960 479.42562073223377 480 480 -0.0023955639736104204
257 SIMPLE_RADIAL 960 960 479.72666547157507 480 480 -0.0027305196942360587
259 SIMPLE_RADIAL 960 960 479.96897430509733 480 480 -0.0014902819511530628
261 SIMPLE_RADIAL 960 960 480.60801590521214 480 480 -0.0019432610674006308
263 SIMPLE_RADIAL 960 960 479.55405985153794 480 480 -0.0017303888769443305
265 SIMPLE_RADIAL 960 960 479.57357542198503 480 480 -0.0023585244482104313
267 SIMPLE_RADIAL 960 960 480.26291038975808 480 480 -0.0017969936297670191
269 SIMPLE_RADIAL 960 960 478.86295885730493 480 480 -0.0023570798683175934
271 SIMPLE_RADIAL 960 960 479.26045256408702 480 480 -0.0020892442771610824
273 SIMPLE_RADIAL 960 960 479.92401246540322 480 480 -0.0025379240997229031
275 SIMPLE_RADIAL 960 960 480.43194194617564 480 480 -0.0027434627167683095
277 SIMPLE_RADIAL 960 960 479.66534373868132 480 480 -0.0020032401334484661
279 SIMPLE_RADIAL 960 960 478.88106150491217 480 480 -0.0017314763337605169
281 SIMPLE_RADIAL 960 960 479.48692050372961 480 480 -0.0020198185498421241
283 SIMPLE_RADIAL 960 960 480.31331821530119 480 480 -0.0021757137392137828
285 SIMPLE_RADIAL 960 960 479.1640753122366 480 480 -0.00238438332745383
287 SIMPLE_RADIAL 960 960 479.88546593176619 480 480 -0.0033274556365413756
289 SIMPLE_RADIAL 960 960 480.20475940942373 480 480 -0.0019341533286151829
291 SIMPLE_RADIAL 960 960 479.21465275426425 480 480 -0.0021581605198556274
293 SIMPLE_RADIAL 960 960 480.48006073143 480 480 -0.0015612352484410314
295 SIMPLE_RADIAL 960 960 478.99325822359936 480 480 -0.0028666490941286768
297 SIMPLE_RADIAL 960 960 480.30122887574663 480 480 -0.0012996194639743497
299 SIMPLE_RADIAL 960 960 479.13425868725852 480 480 -0.0025778367232865912
301 SIMPLE_RADIAL 960 960 479.2782025208258 480 480 -0.0024505877683456429
303 SIMPLE_RADIAL 960 960 452.9251261749269 480 480 -0.0071750260536125625
305 SIMPLE_RADIAL 960 960 479.61977971599282 480 480 -0.00038156804954341905
307 SIMPLE_RADIAL 960 960 479.85548349732738 480 480 -0.0035042556592053036
309 SIMPLE_RADIAL 960 960 479.55098751518557 480 480 -0.0022366698042894716
311 SIMPLE_RADIAL 960 960 479.07233874897997 480 480 -0.0027484247032654222
313 SIMPLE_RADIAL 960 960 480.49869198807022 480 480 -0.0019985286506435497
315 SIMPLE_RADIAL 960 960 479.46071284578295 480 480 -0.0030895189762706748
317 SIMPLE_RADIAL 960 960 478.84800811662427 480 480 -0.0034443368740114839
319 SIMPLE_RADIAL 960 960 480.37973277141685 480 480 -0.0022881988580022456
321 SIMPLE_RADIAL 960 960 479.38886406407556 480 480 -0.0026177026762977743
323 SIMPLE_RADIAL 960 960 479.34463147789393 480 480 -0.002590937168796755
325 SIMPLE_RADIAL 960 960 479.85017147775221 480 480 -0.0018615064151360941
327 SIMPLE_RADIAL 960 960 478.5040079979882 480 480 -0.0025116810012225433
329 SIMPLE_RADIAL 960 960 479.05472147174191 480 480 -0.0030762408260271343
331 SIMPLE_RADIAL 960 960 479.33207803364621 480 480 -0.0030813251698953801
333 SIMPLE_RADIAL 960 960 478.94213427568957 480 480 -0.0034216458058970575
335 SIMPLE_RADIAL 960 960 480.08435119330608 480 480 -0.0023407118074303805
337 SIMPLE_RADIAL 960 960 478.61212629552301 480 480 -0.0042048190516356153
339 SIMPLE_RADIAL 960 960 479.93021019156458 480 480 -0.0022352804027612728
341 SIMPLE_RADIAL 960 960 479.02598041375757 480 480 -0.0033697069220327397
343 SIMPLE_RADIAL 960 960 478.85457666289346 480 480 -0.0021150118962054614
344 SIMPLE_RADIAL 960 960 478.40918729821522 480 480 -0.0032735253705798982
345 SIMPLE_RADIAL 960 960 479.44496220666491 480 480 -0.0029101013811241049
346 SIMPLE_RADIAL 960 960 479.72504487479671 480 480 -0.0019935669583574906
347 SIMPLE_RADIAL 960 960 480.22701769010695 480 480 -0.0025138657503195696
349 SIMPLE_RADIAL 960 960 479.28536201076753 480 480 -0.0032315376066741914
350 SIMPLE_RADIAL 960 960 479.43718624924986 480 480 -0.0031248442713171366
351 SIMPLE_RADIAL 960 960 480.08341186386912 480 480 -0.0025986930873494233
353 SIMPLE_RADIAL 960 960 479.52666529523106 480 480 -0.0026105757074528411
355 SIMPLE_RADIAL 960 960 481.12653563162786 480 480 -0.0016707156290549185
357 SIMPLE_RADIAL 960 960 479.5223556933438 480 480 -0.001945113083429681
359 SIMPLE_RADIAL 960 960 479.82369793753037 480 480 -0.0031458905494105376
361 SIMPLE_RADIAL 960 960 480.10008092862057 480 480 -0.002376920184114228
363 SIMPLE_RADIAL 960 960 479.06883358961369 480 480 -0.001785124042419241
365 SIMPLE_RADIAL 960 960 478.97494545644662 480 480 -0.0032621030107937662
367 SIMPLE_RADIAL 960 960 478.42887818017618 480 480 -0.002553132894876528
369 SIMPLE_RADIAL 960 960 479.42880867891904 480 480 -0.0027744360258575365
371 SIMPLE_RADIAL 960 960 479.50308476970696 480 480 -0.0036725919262140154
373 SIMPLE_RADIAL 960 960 480.64002438641359 480 480 -0.0028197833522993535
375 SIMPLE_RADIAL 960 960 479.36240647298979 480 480 -0.0026264741541551831
377 SIMPLE_RADIAL 960 960 479.18107359599571 480 480 -0.0027586119777919453
379 SIMPLE_RADIAL 960 960 479.35425888948964 480 480 -0.0032048724325469129
381 SIMPLE_RADIAL 960 960 480.03798711239023 480 480 -0.0025908804035730767
383 SIMPLE_RADIAL 960 960 479.13560636164584 480 480 -0.0029071853087326597
384 SIMPLE_RADIAL 960 960 480.48545495528606 480 480 -0.0014074253929236161
386 SIMPLE_RADIAL 960 960 479.47036789895412 480 480 -0.0022791966824080045
388 SIMPLE_RADIAL 960 960 479.41456197725307 480 480 -0.0025817415089944775
390 SIMPLE_RADIAL 960 960 479.91660380021358 480 480 -0.0026038756084307431
392 SIMPLE_RADIAL 960 960 480.31538335153243 480 480 -0.0022548277757281254
394 SIMPLE_RADIAL 960 960 481.33577310239605 480 480 -0.0013112608512070867
396 SIMPLE_RADIAL 960 960 480.66256233707827 480 480 -0.0039944778383293154
398 SIMPLE_RADIAL 960 960 479.71612706265228 480 480 -0.0025898637852355632
399 SIMPLE_RADIAL 960 960 479.69861700156895 480 480 -0.0020681547987799948
400 SIMPLE_RADIAL 960 960 479.10211052071725 480 480 -0.0025375335602027577
402 SIMPLE_RADIAL 960 960 478.65532215381813 480 480 -0.002709541477795477
404 SIMPLE_RADIAL 960 960 479.156056693854 480 480 -0.00070757059730214733
406 SIMPLE_RADIAL 960 960 480.45182049290656 480 480 -0.0023070658735930391
408 SIMPLE_RADIAL 960 960 480.16120328667688 480 480 0.00083572943031104147
410 SIMPLE_RADIAL 960 960 479.47412774302086 480 480 0.0010144089605950708
412 SIMPLE_RADIAL 960 960 479.67591740401519 480 480 0.00032304182148312966
414 SIMPLE_RADIAL 960 960 479.78335585347207 480 480 0.00024909170560101561
416 SIMPLE_RADIAL 960 960 479.56904685222673 480 480 0.0005723455909955106
417 SIMPLE_RADIAL 960 960 479.7059937130436 480 480 2.6544441495353428e-05
